ID,Text,Comment
Beaver.NamePool,"Mano Sakuragi  
Hiori Kazano  
Meguru Hachimiya  
Kogane Tsukioka  
Mamimi Tanaka  
Sakuya Shirase  
Yuika Mitsumine  
Kiriko Yukoku  
Kaho Komiya  
Chiyoko Sonoda  
Juri Saijo  
Rinze Morino  
Natsuha Arisugawa  
Amana Osaki  
Tenka Osaki  
Chiyuki Kuwayama  
Asahi Serizawa  
Fuyuko Mayuzumi  
Mei Izumi  
Toru Asakura  
Madoka Higuchi  
Koito Fukumaru  
Hinana Ichikawa  
Nichika Nanakusa  
Mikoto Aketa  
Luca Ikaruga  
Hana Suzuki  
Haruki Ikuta  
Hazuki Nanakusa  
Haruka Amami  
Chihaya Kisaragi  
Yukiho Hagiwara  
Yayoi Takatsuki  
Ritsuko Akizuki  
Azusa Miura  
Iori Minase  
Makoto Kikuchi  
Ami Futami  
Mami Futami  
Miki Hoshii  
Takane Shijou  
Hibiki Ganaha  
Mirai Kasuga  
Kotoha Tanaka  
Minako Satake  
Matsuri Tokugawa  
Yuriko Nanao  
Sayoko Takayama  
Arisa Matsuda  
Umi Kousaka  
Iku Nakatani  
Emily Stewart  
Kana Yabuki  
Nao Yokoyama  
Noriko Fukuda  
Shizuka Mogami  
Megumi Tokoro  
Roco Handa  
Tomoka Tenkubashi  
Shiho Kitazawa  
Ayumu Maihama  
Chizuru Nikaido  
Mizuki Makabe  
Rio Momose  
Subaru Nagayoshi  
Momoko Suou  
Julia  
Tsumugi Shiraishi  
Tsubasa Ibuki  
Elena Shimabara  
Serika Hakozaki  
Akane Nonohara  
Anna Mochizuki  
Hinata Kinoshita  
Konomi Baba  
Tamaki Ogami  
Fuka Toyokawa  
Miya Miyao  
Karen Shinomiya  
Reika Kitakami  
Kaori Sakuramori  
Kotori Otonashi  
Misaki Aoba  
Sora Hayasaka  
Chupacabra  
Leon  
Shika  
Kohaku Okuzora  
Aya  
Uzuki Shimamura  
Anzu Futaba  
Kanako Mimura  
Miku Maekawa  
Miho Kohinata  
Nana Abe  
Sachiko Koshimizu  
Chieri Ogata  
Mayu Sakuma  
Sae Kobayakawa  
Frederica Miyamoto  
Yuka Nakano  
Yukari Mizumoto  
Noriko Shiina  
Rina Fujimoto  
Shiki Ichinose  
Karin Domyoji  
Momoka Sakurai  
Kyoko Igarashi  
Yuuki Otokura  
Mirei Hayasaka  
Hiromi Seki  
Atsumi Munakata  
Hotaru Shiragiku  
Chitose Kurosaki  
Chiyo Shirayuki  
Kozue Yusa  
Akari Tsujino  
Kotoka Saionji  
Koharu Koga  
Rin Shibuya  
Kaede Takagaki  
Ranko Kanzaki  
Riina Tada  
Mizuki Kawashima  
Minami Nitta  
Anastasia  
Koume Shirasaka  
Nao Kamiya  
Karen Hojo  
Fumika Sagisawa  
Kanade Hayami  
Arisu Tachibana  
Haruna Kamijo  
Chie Sasaki  
Aki Yamato  
Syuko Shiomi  
Tamami Wakiyama  
Ryo Matsunaga  
Asuka Ninomiya  
Miyu Mifune  
Nono Morikubo  
Hajime Fujiwara  
Hina Araki  
Haru Yuuki  
Kako Takafuji  
Hayate Hisakawa  
Yukimi Sajo  
Akira Sunazuka  
Tsukasa Kiryu  
Nanami Asari  
Makino Yagami  
Hijiri Mochizuki  
Layla  
Izumi Ohishi  
Mio Honda  
Rika Jougasaki  
Kirari Moroboshi  
Mika Jougasaki  
Airi Totoki  
Akane Hino  
Miria Akagi  
Aiko Takamori  
Syoko Hoshi  
Yuko Hori  
Yuki Himekawa  
Nina Ichihara  
Sanae Katagiri  
Shizuku Oikawa  
Yui Ohtsuki  
Yumi Aiba  
Takumi Mukai  
Natsuki Kimura  
Suzuho Ueda  
Ayame Hamaguchi  
Emi Namba  
Kaoru Ryuzaki  
Shin Sato  
Yoshino Yorita  
Yuzu Kitami  
Tomoe Murakami  
Hinako Kita  
Hikaru Nanjo  
Nagi Hisakawa  
Riamu Yumemi  
Natalia  
Risa Matoba  
Reina Koseki  
Eve Santaclaus  
Mai Fukuyama  
Kana Imai  
Arisa Mochida  
Saori Okuyama  
Misato Manaka  
Miyuki Yanase  
Tsubaki Egami  
Hasumi Nagatomi  
Chika Yokoyama  
Yuu Ohta  
Michiru Ohara  
Kurumi Ohnuma  
Erika Akanishi  
Saya Matsubara  
Yukino Aihara  
Yao Fueifuei  
Azuki Momoi  
Seika Suzumiya  
Miyabi Tsukimiya  
Rena Hyodo  
Hitomi Niwa  
Kiyora Yanagi  
Setsuna Imura  
Wakaba Kusakabe  
Satomi Sakakibara  
Miyako Anzai  
Fuka Asano  
Yuriko Ohnishi  
Shinobu Kudo  
Nene Kurihara  
Clarice  
Sakura Muramatsu  
Kanna Ariura  
Miyo Harada  
Akiha Ikebukuro  
Chiaki Kurokawa  
Sarina Matsumoto  
Aya Kirino  
Reiko Takahashi  
Chinatsu Aikawa  
Ai Togo  
Seira Mizuki  
Toko Hattori  
Manami Kiba  
Midori Mizuno  
Yoriko Furusawa  
Helen  
Chinami Komuro  
Noa Takamine  
Megumi Ijuin  
Shino Hiiragi  
Kate  
Shiori Sena  
Honoka Ayase  
Rei Shinohara  
Rumi Wakui  
Saki Yoshioka  
Otoha Umeki  
Ayaka Kishibe  
Mutsumi Ujiie  
Honami Nishikawa  
Yume Narumiya  
Tomo Fujii  
Yasuha Okazaki  
Chizuru Matsuo  
Meiko Namiki  
Kumiko Matsuyama  
Yoko Saito  
Marina Sawada  
Miu Yaguchi  
Nagisa Aino  
Itsuki Manabe  
Naho Ebihara  
Misaki Etou  
Kai Nishijima  
Tokiko Zaizen  
Sora Nonomura  
Ayuna Hamakawa  
Tomoka Wakabayashi  
Ema Senzaki  
Natsumi Soma  
Shiho Makihara  
Umi Sugisaka  
Mahiro Kitagawa  
Mary Cochran  
Ibuki Komatsu  
Sana Miyoshi  
Cathy Graham  
Ako Tsuchiya  
Aoi Shuto  
Kiyomi Saejima  
Ryoo Haena  
Juney  
Im Yujin  
Chihiro Senkawa  
Mishiro Joumu  
Mei Aoki  
Sei Aoki  
Kei Aoki  
Rei Aoki  
Pinyakorata  
Ai Hidaka  
Eri Mizutani  
Mai Hidaka  
Yumeko Sakurai  
Cineria  
Kasumi Takatsuki  
Devitaro  
Manaka Tomori  
Cosmo Kamizuru  
Letora  
Saki Hanami  
Temari Tsukimura  
Kotone Fujita  
Mao Arimura  
Lilja Katsuragi  
China Kuramoto  
Sumika Shiun  
Hiro Shinosawa  
Rinami Himesaki  
Ume Hanami  
Misuzu Hataya  
Tsubame Amaya  
Rinha Kaya  
Nadeshiko Aoi  
Shion Shirakusa  
Gekka Shirakusa  
Asari Neo  
Reiko Ozaki  
Manami Okamoto  
Minori Ishikawa  
Sena Juo  
Yu Mashiro",-
